10.630145812735 10 8.9442719099992 8.2462112512353 8.6023252670426 4.2426406871193 6.0827625302982 0 7.0710678118655 2.2360679774998 
10 9.4339811320566 8.5440037453175 8.5440037453175 7.8102496759067 3.605551275464 5.0990195135928 0 6.0827625302982 3.1622776601684 
9.4339811320566 8.9442719099992 8.2462112512353 8.9442719099992 7.0710678118655 3.1622776601684 4.1231056256177 0 5.0990195135928 4.1231056256177 
8.9442719099992 8.5440037453175 8.0622577482985 9.4339811320566 6.4031242374328 3 3.1622776601684 0 4.1231056256177 5.0990195135928 
8.5440037453175 8.2462112512353 8 10 5.8309518948453 3.1622776601684 2.2360679774998 0 3.1622776601684 6.0827625302982 
8.2462112512353 8.0622577482985 8.0622577482985 10.630145812735 5.3851648071345 3.605551275464 1.4142135623731 0 2.2360679774998 7.0710678118655 
8.0622577482985 8 8.2462112512353 11.313708498985 5.0990195135928 4.2426406871193 1 0 1.4142135623731 8.0622577482985 
8 8.0622577482985 8.5440037453175 12.041594578792 5 5 1.4142135623731 0 1 9.0553851381374 
7 7.0710678118655 7.6157731058639 11.401754250991 4 4.4721359549996 0 1 2 9.2195444572929 
6 6.0827625302982 6.7082039324994 10.816653826392 3 4.1231056256177 0 1.4142135623731 3 9.4868329805051 
6.0827625302982 6 6.3245553203368 10 3.1622776601684 3.1622776601684 0 1 3.1622776601684 8.5440037453175 
6.3245553203368 6.0827625302982 6.0827625302982 9.2195444572929 3.605551275464 2.2360679774998 0 1.4142135623731 3.605551275464 7.6157731058639 
5.3851648071345 5.0990195135928 5.0990195135928 8.6023252670426 2.8284271247462 0 2 2.2360679774998 4.4721359549996 8.0622577482985 
5.8309518948453 5.3851648071345 5 7.8102496759067 3.605551275464 0 1 2.8284271247462 5 7.211102550928 
5 4.4721359549996 4 7.211102550928 3.1622776601684 0 1.4142135623731 3.605551275464 5.8309518948453 7.8102496759067 
5.6568542494924 5 4.1231056256177 6.4031242374328 4.1231056256177 0 1 4.2426406871193 6.4031242374328 7.0710678118655 
5 4.2426406871193 3.1622776601684 5.8309518948453 4 0 2 5 7.211102550928 7.8102496759067 
5.8309518948453 5 3.605551275464 5 5 0 2.2360679774998 5.6568542494924 7.8102496759067 7.211102550928 
5.3851648071345 4.4721359549996 2.8284271247462 4.4721359549996 0 5.0990195135928 3.1622776601684 6.4031242374328 8.6023252670426 8.0622577482985 
6.3245553203368 5.3851648071345 3.605551275464 3.605551275464 0 6.0827625302982 3.605551275464 7.0710678118655 9.2195444572929 7.6157731058639 
6.0827625302982 5.0990195135928 3.1622776601684 3.1622776601684 0 6.3245553203368 4.4721359549996 7.8102496759067 10 8.5440037453175 
7.0710678118655 6.0827625302982 4.1231056256177 2.2360679774998 0 7.2801098892805 5 8.4852813742386 10.630145812735 8.2462112512353 
7 6 4 0 2 7.6157731058639 5.8309518948453 9.2195444572929 11.401754250991 9.2195444572929 
8 7 5 0 1 8.5440037453175 6.4031242374328 9.8994949366117 12.041594578792 9.0553851381374 
8.0622577482985 7.0710678118655 5.0990195135928 1.4142135623731 0 8.2462112512353 5.6568542494924 9.2195444572929 11.313708498985 8.0622577482985 
8.2462112512353 7.2801098892805 5.3851648071345 2.2360679774998 0 8.0622577482985 5 8.6023252670426 10.630145812735 7.0710678118655 
8.5440037453175 7.6157731058639 5.8309518948453 3.1622776601684 8 0 4.4721359549996 8.0622577482985 10 6.0827625302982 
8.9442719099992 8.0622577482985 6.4031242374328 4.1231056256177 8.0622577482985 0 4.1231056256177 7.6157731058639 9.4339811320566 5.0990195135928 
9.4339811320566 8.6023252670426 7.0710678118655 5.0990195135928 8.2462112512353 4 0 7.2801098892805 8.9442719099992 4.1231056256177 
10 9.2195444572929 7.8102496759067 6.0827625302982 8.5440037453175 4.1231056256177 0 7.0710678118655 8.5440037453175 3.1622776601684 
10.630145812735 9.8994949366117 8.6023252670426 7.0710678118655 8.9442719099992 4.4721359549996 7 0 8.2462112512353 2.2360679774998 
11.313708498985 10.630145812735 9.4339811320566 8.0622577482985 9.4339811320566 5 7.0710678118655 0 8.0622577482985 1.4142135623731 
10.630145812735 10 8.9442719099992 8.2462112512353 8.6023252670426 4.2426406871193 6.0827625302982 0 7.0710678118655 2.2360679774998 
10 9.4339811320566 8.5440037453175 8.5440037453175 7.8102496759067 3.605551275464 5.0990195135928 0 6.0827625302982 3.1622776601684 
9.4339811320566 8.9442719099992 8.2462112512353 8.9442719099992 7.0710678118655 3.1622776601684 4.1231056256177 0 5.0990195135928 4.1231056256177 
8.9442719099992 8.5440037453175 8.0622577482985 9.4339811320566 6.4031242374328 3 3.1622776601684 0 4.1231056256177 5.0990195135928 
8.5440037453175 8.2462112512353 8 10 5.8309518948453 3.1622776601684 2.2360679774998 0 3.1622776601684 6.0827625302982 
8.2462112512353 8.0622577482985 8.0622577482985 10.630145812735 5.3851648071345 3.605551275464 1.4142135623731 0 2.2360679774998 7.0710678118655 
8.0622577482985 8 8.2462112512353 11.313708498985 5.0990195135928 4.2426406871193 1 0 1.4142135623731 8.0622577482985 
8 8.0622577482985 8.5440037453175 12.041594578792 5 5 1.4142135623731 0 1 9.0553851381374 
7 7.0710678118655 7.6157731058639 11.401754250991 4 4.4721359549996 0 1 2 9.2195444572929 
6 6.0827625302982 6.7082039324994 10.816653826392 3 4.1231056256177 0 1.4142135623731 3 9.4868329805051 
6.0827625302982 6 6.3245553203368 10 3.1622776601684 3.1622776601684 0 1 3.1622776601684 8.5440037453175 
6.3245553203368 6.0827625302982 6.0827625302982 9.2195444572929 3.605551275464 2.2360679774998 0 1.4142135623731 3.605551275464 7.6157731058639 
5.3851648071345 5.0990195135928 5.0990195135928 8.6023252670426 2.8284271247462 0 2 2.2360679774998 4.4721359549996 8.0622577482985 
5.8309518948453 5.3851648071345 5 7.8102496759067 3.605551275464 0 1 2.8284271247462 5 7.211102550928 
5 4.4721359549996 4 7.211102550928 3.1622776601684 0 1.4142135623731 3.605551275464 5.8309518948453 7.8102496759067 
5.6568542494924 5 4.1231056256177 6.4031242374328 4.1231056256177 0 1 4.2426406871193 6.4031242374328 7.0710678118655 
5 4.2426406871193 3.1622776601684 5.8309518948453 4 0 2 5 7.211102550928 7.8102496759067 
5.8309518948453 5 3.605551275464 5 5 0 2.2360679774998 5.6568542494924 7.8102496759067 7.211102550928 
5.3851648071345 4.4721359549996 2.8284271247462 4.4721359549996 0 5.0990195135928 3.1622776601684 6.4031242374328 8.6023252670426 8.0622577482985 
6.3245553203368 5.3851648071345 3.605551275464 3.605551275464 0 6.0827625302982 3.605551275464 7.0710678118655 9.2195444572929 7.6157731058639 
6.0827625302982 5.0990195135928 3.1622776601684 3.1622776601684 0 6.3245553203368 4.4721359549996 7.8102496759067 10 8.5440037453175 
7.0710678118655 6.0827625302982 4.1231056256177 2.2360679774998 0 7.2801098892805 5 8.4852813742386 10.630145812735 8.2462112512353 
7 6 4 0 2 7.6157731058639 5.8309518948453 9.2195444572929 11.401754250991 9.2195444572929 
8 7 5 0 1 8.5440037453175 6.4031242374328 9.8994949366117 12.041594578792 9.0553851381374 
8.0622577482985 7.0710678118655 5.0990195135928 1.4142135623731 0 8.2462112512353 5.6568542494924 9.2195444572929 11.313708498985 8.0622577482985 
8.2462112512353 7.2801098892805 5.3851648071345 2.2360679774998 0 8.0622577482985 5 8.6023252670426 10.630145812735 7.0710678118655 
8.5440037453175 7.6157731058639 5.8309518948453 3.1622776601684 8 0 4.4721359549996 8.0622577482985 10 6.0827625302982 
8.9442719099992 8.0622577482985 6.4031242374328 4.1231056256177 8.0622577482985 0 4.1231056256177 7.6157731058639 9.4339811320566 5.0990195135928 
9.4339811320566 8.6023252670426 7.0710678118655 5.0990195135928 8.2462112512353 4 0 7.2801098892805 8.9442719099992 4.1231056256177 
10 9.2195444572929 7.8102496759067 6.0827625302982 8.5440037453175 4.1231056256177 0 7.0710678118655 8.5440037453175 3.1622776601684 
10.630145812735 9.8994949366117 8.6023252670426 7.0710678118655 8.9442719099992 4.4721359549996 7 0 8.2462112512353 2.2360679774998 
11.313708498985 10.630145812735 9.4339811320566 8.0622577482985 9.4339811320566 5 7.0710678118655 0 8.0622577482985 1.4142135623731 
10.630145812735 10 8.9442719099992 8.2462112512353 8.6023252670426 4.2426406871193 6.0827625302982 0 7.0710678118655 2.2360679774998 
10 9.4339811320566 8.5440037453175 8.5440037453175 7.8102496759067 3.605551275464 5.0990195135928 0 6.0827625302982 3.1622776601684 
9.4339811320566 8.9442719099992 8.2462112512353 8.9442719099992 7.0710678118655 3.1622776601684 4.1231056256177 0 5.0990195135928 4.1231056256177 
8.9442719099992 8.5440037453175 8.0622577482985 9.4339811320566 6.4031242374328 3 3.1622776601684 0 4.1231056256177 5.0990195135928 
8.5440037453175 8.2462112512353 8 10 5.8309518948453 3.1622776601684 2.2360679774998 0 3.1622776601684 6.0827625302982 
8.2462112512353 8.0622577482985 8.0622577482985 10.630145812735 5.3851648071345 3.605551275464 1.4142135623731 0 2.2360679774998 7.0710678118655 
8.0622577482985 8 8.2462112512353 11.313708498985 5.0990195135928 4.2426406871193 1 0 1.4142135623731 8.0622577482985 
8 8.0622577482985 8.5440037453175 12.041594578792 5 5 1.4142135623731 0 1 9.0553851381374 
7 7.0710678118655 7.6157731058639 11.401754250991 4 4.4721359549996 0 1 2 9.2195444572929 
6 6.0827625302982 6.7082039324994 10.816653826392 3 4.1231056256177 0 1.4142135623731 3 9.4868329805051 
6.0827625302982 6 6.3245553203368 10 3.1622776601684 3.1622776601684 0 1 3.1622776601684 8.5440037453175 
6.3245553203368 6.0827625302982 6.0827625302982 9.2195444572929 3.605551275464 2.2360679774998 0 1.4142135623731 3.605551275464 7.6157731058639 
5.3851648071345 5.0990195135928 5.0990195135928 8.6023252670426 2.8284271247462 0 2 2.2360679774998 4.4721359549996 8.0622577482985 
5.8309518948453 5.3851648071345 5 7.8102496759067 3.605551275464 0 1 2.8284271247462 5 7.211102550928 
5 4.4721359549996 4 7.211102550928 3.1622776601684 0 1.4142135623731 3.605551275464 5.8309518948453 7.8102496759067 
5.6568542494924 5 4.1231056256177 6.4031242374328 4.1231056256177 0 1 4.2426406871193 6.4031242374328 7.0710678118655 
5 4.2426406871193 3.1622776601684 5.8309518948453 4 0 2 5 7.211102550928 7.8102496759067 
5.8309518948453 5 3.605551275464 5 5 0 2.2360679774998 5.6568542494924 7.8102496759067 7.211102550928 
5.3851648071345 4.4721359549996 2.8284271247462 4.4721359549996 0 5.0990195135928 3.1622776601684 6.4031242374328 8.6023252670426 8.0622577482985 
6.3245553203368 5.3851648071345 3.605551275464 3.605551275464 0 6.0827625302982 3.605551275464 7.0710678118655 9.2195444572929 7.6157731058639 
6.0827625302982 5.0990195135928 3.1622776601684 3.1622776601684 0 6.3245553203368 4.4721359549996 7.8102496759067 10 8.5440037453175 
7.0710678118655 6.0827625302982 4.1231056256177 2.2360679774998 0 7.2801098892805 5 8.4852813742386 10.630145812735 8.2462112512353 
7 6 4 0 2 7.6157731058639 5.8309518948453 9.2195444572929 11.401754250991 9.2195444572929 
8 7 5 0 1 8.5440037453175 6.4031242374328 9.8994949366117 12.041594578792 9.0553851381374 
8.0622577482985 7.0710678118655 5.0990195135928 1.4142135623731 0 8.2462112512353 5.6568542494924 9.2195444572929 11.313708498985 8.0622577482985 
8.2462112512353 7.2801098892805 5.3851648071345 2.2360679774998 0 8.0622577482985 5 8.6023252670426 10.630145812735 7.0710678118655 
8.5440037453175 7.6157731058639 5.8309518948453 3.1622776601684 8 0 4.4721359549996 8.0622577482985 10 6.0827625302982 
8.9442719099992 8.0622577482985 6.4031242374328 4.1231056256177 8.0622577482985 0 4.1231056256177 7.6157731058639 9.4339811320566 5.0990195135928 
9.4339811320566 8.6023252670426 7.0710678118655 5.0990195135928 8.2462112512353 4 0 7.2801098892805 8.9442719099992 4.1231056256177 
10 9.2195444572929 7.8102496759067 6.0827625302982 8.5440037453175 4.1231056256177 0 7.0710678118655 8.5440037453175 3.1622776601684 
10.630145812735 9.8994949366117 8.6023252670426 7.0710678118655 8.9442719099992 4.4721359549996 7 0 8.2462112512353 2.2360679774998 
11.313708498985 10.630145812735 9.4339811320566 8.0622577482985 9.4339811320566 5 7.0710678118655 0 8.0622577482985 1.4142135623731 
10.630145812735 10 8.9442719099992 8.2462112512353 8.6023252670426 4.2426406871193 6.0827625302982 0 7.0710678118655 2.2360679774998 
10 9.4339811320566 8.5440037453175 8.5440037453175 7.8102496759067 3.605551275464 5.0990195135928 0 6.0827625302982 3.1622776601684 
9.4339811320566 8.9442719099992 8.2462112512353 8.9442719099992 7.0710678118655 3.1622776601684 4.1231056256177 0 5.0990195135928 4.1231056256177 
8.9442719099992 8.5440037453175 8.0622577482985 9.4339811320566 6.4031242374328 3 3.1622776601684 0 4.1231056256177 5.0990195135928 
8.5440037453175 8.2462112512353 8 10 5.8309518948453 3.1622776601684 2.2360679774998 0 3.1622776601684 6.0827625302982 
8.2462112512353 8.0622577482985 8.0622577482985 10.630145812735 5.3851648071345 3.605551275464 1.4142135623731 0 2.2360679774998 7.0710678118655 
8.0622577482985 8 8.2462112512353 11.313708498985 5.0990195135928 4.2426406871193 1 0 1.4142135623731 8.0622577482985 
8 8.0622577482985 8.5440037453175 12.041594578792 5 5 1.4142135623731 0 1 9.0553851381374 
7 7.0710678118655 7.6157731058639 11.401754250991 4 4.4721359549996 0 1 2 9.2195444572929 
6 6.0827625302982 6.7082039324994 10.816653826392 3 4.1231056256177 0 1.4142135623731 3 9.4868329805051 
6.0827625302982 6 6.3245553203368 10 3.1622776601684 3.1622776601684 0 1 3.1622776601684 8.5440037453175 
6.3245553203368 6.0827625302982 6.0827625302982 9.2195444572929 3.605551275464 2.2360679774998 0 1.4142135623731 3.605551275464 7.6157731058639 
5.3851648071345 5.0990195135928 5.0990195135928 8.6023252670426 2.8284271247462 0 2 2.2360679774998 4.4721359549996 8.0622577482985 
5.8309518948453 5.3851648071345 5 7.8102496759067 3.605551275464 0 1 2.8284271247462 5 7.211102550928 
5 4.4721359549996 4 7.211102550928 3.1622776601684 0 1.4142135623731 3.605551275464 5.8309518948453 7.8102496759067 
5.6568542494924 5 4.1231056256177 6.4031242374328 4.1231056256177 0 1 4.2426406871193 6.4031242374328 7.0710678118655 
5 4.2426406871193 3.1622776601684 5.8309518948453 4 0 2 5 7.211102550928 7.8102496759067 
5.8309518948453 5 3.605551275464 5 5 0 2.2360679774998 5.6568542494924 7.8102496759067 7.211102550928 
5.3851648071345 4.4721359549996 2.8284271247462 4.4721359549996 0 5.0990195135928 3.1622776601684 6.4031242374328 8.6023252670426 8.0622577482985 
6.3245553203368 5.3851648071345 3.605551275464 3.605551275464 0 6.0827625302982 3.605551275464 7.0710678118655 9.2195444572929 7.6157731058639 
6.0827625302982 5.0990195135928 3.1622776601684 3.1622776601684 0 6.3245553203368 4.4721359549996 7.8102496759067 10 8.5440037453175 
7.0710678118655 6.0827625302982 4.1231056256177 2.2360679774998 0 7.2801098892805 5 8.4852813742386 10.630145812735 8.2462112512353 
7 6 4 0 2 7.6157731058639 5.8309518948453 9.2195444572929 11.401754250991 9.2195444572929 
8 7 5 0 1 8.5440037453175 6.4031242374328 9.8994949366117 12.041594578792 9.0553851381374 
8.0622577482985 7.0710678118655 5.0990195135928 1.4142135623731 0 8.2462112512353 5.6568542494924 9.2195444572929 11.313708498985 8.0622577482985 
8.2462112512353 7.2801098892805 5.3851648071345 2.2360679774998 0 8.0622577482985 5 8.6023252670426 10.630145812735 7.0710678118655 
8.5440037453175 7.6157731058639 5.8309518948453 3.1622776601684 8 0 4.4721359549996 8.0622577482985 10 6.0827625302982 
8.9442719099992 8.0622577482985 6.4031242374328 4.1231056256177 8.0622577482985 0 4.1231056256177 7.6157731058639 9.4339811320566 5.0990195135928 
9.4339811320566 8.6023252670426 7.0710678118655 5.0990195135928 8.2462112512353 4 0 7.2801098892805 8.9442719099992 4.1231056256177 
10 9.2195444572929 7.8102496759067 6.0827625302982 8.5440037453175 4.1231056256177 0 7.0710678118655 8.5440037453175 3.1622776601684 
10.630145812735 9.8994949366117 8.6023252670426 7.0710678118655 8.9442719099992 4.4721359549996 7 0 8.2462112512353 2.2360679774998 
11.313708498985 10.630145812735 9.4339811320566 8.0622577482985 9.4339811320566 5 7.0710678118655 0 8.0622577482985 1.4142135623731 
